
============================================================
STEP 3: OOT Bucket Report (06:00-23:50 only)
============================================================
  bucket      n_rows     n_dates      MAE_up      MAE_tx       cov80         PIW        bias      q90_br      q10_br      pr_auc   precision      recall          f1
--------------------------------------------------------------------------------------------------------------------------------------------------------------------
   06-09       6,786         377      0.8124      0.8124      0.8031      2.6111      0.0878      0.0815      0.1154      0.4234      0.5714      0.4341      0.4934
   09-12       6,786         377      0.6433      0.6433      0.8034      2.1605      0.0786      0.0678      0.1288      0.5175      0.6782      0.3653      0.4749
   12-15       6,786         377      0.3147      0.3147      0.8068      1.0120     -0.0741      0.0989      0.0943      0.7588      0.6938      0.6408      0.6662
   15-18       6,786         377      0.0447      0.0447      0.9424      0.1270     -0.0370      0.0488      0.0088      0.9860      0.9059      0.9833      0.9430
   18-24      13,572         377      0.0102      0.0102      0.9833      0.0224     -0.0091      0.0159      0.0007      0.9996      0.9752      0.9988      0.9868
     ALL      40,716         377      0.3059      0.3059      0.8871      0.9926      0.0062      0.0548      0.0581      0.9873      0.9245      0.9435      0.9339